hundred=(100/1000)/(9.58/3600)
m_minute=(3600*2+60+39)/3600
marathon=42.195/m_minute