A = [1:5; 6:10; 11:15; 16:20];
v=A(1:end,2)
A(4,1:end)=0
